3752
882
13612
68862
11342
35432
20822
15892
91712
14812
21522
59692
60582
86622
17112
292
1272
74192
59962
15512
71442
44482
492
94942
88082
13852
1292
62152
10882
36872
70562
71522
42902
69022
20062
37492
29172
19372
11942
58212
13962
87782
12662
60652
71712
27662
37332
66072
15692
54112
16682
77652
19322
1682
13002
64562
12192
17562
4002
21862
36002
14842
20552
13342
73112
942
17862
19792
93132
59612
48042
14662
63212
62872
84452
36272
90572
47362
18772
2952
22912
13252
69992
92892
15662
76032
12902
61152
61762
15802
60092
2852
15972
92292
83502
58542
41342
12772
35362
16932
