36538
36267
2176
3752
68299
49874
882
87578
4009
2837
59844
36139
16429
91348
63349
87759
13612
12840
15847
190
17310
14218
95545
13995
12980
19358
70594
14353
86760
72761
15977
61061
68862
16155
11342
88584
85718
35432
68581
20822
15892
45520
12458
62735
15295
58299
88961
91712
12810
69607
17204
95139
22186
72288
36160
16001
69393
19323
59344
14812
21522
72687
63501
14883
64213
87321
80046
3615
98054
76976
19336
61369
89430
45256
73189
14750
31418
60433
72585
60931
62884
68461
74610
63404
816
98627
1045
13889
10035
16319
14257
59692
64099
60470
69321
21285
11859
60582
70343
62723
